  100    4500
    1       3      53
    1       4      71
    1       5      21
    1       6      69
    1       7      42
    1       8      38
    1       9      94
    1      10      31
    1      11      32
    1      12      74
    1      13      89
    1      14      51
    1      15      82
    1      17      13
    1      18      53
    1      19      74
    1      20      24
    1      21      40
    1      22      16
    1      23      68
    1      24      58
    1      25      61
    1      26      14
    1      27      21
    1      28      63
    1      29      72
    1      30      80
    1      31      64
    1      32      90
    1      34      36
    1      35      84
    1      36      50
    1      37      14
    1      38       7
    1      39      97
    1      40      86
    1      41      33
    1      42      21
    1      43      82
    1      44      93
    1      45      88
    1      46      36
    1      47      12
    1      48      16
    1      49       3
    1      51      95
    1      52      21
    1      53      18
    1      54      19
    1      55      64
    1      56      25
    1      58      70
    1      59      62
    1      60      36
    1      61      89
    1      62      51
    1      63      63
    1      64      89
    1      65      83
    1      66      95
    1      67      43
    1      68      31
    1      70      68
    1      71       9
    1      72      87
    1      73       5
    1      74      63
    1      77       1
    1      78      25
    1      79      40
    1      80      72
    1      82      79
    1      83      59
    1      84      89
    1      85      34
    1      86      63
    1      87      94
    1      88      11
    1      89      28
    1      90       4
    1      91      55
    1      92       6
    1      93      11
    1      94      42
    1      95      55
    1      96      92
    1      97       6
    1      98      31
    1     100       3
    2       3       1
    2       4       9
    2       5      75
    2       6      81
    2       7      14
    2       8      93
    2       9      15
    2      10      65
    2      11     100
    2      12      60
    2      13      55
    2      14      65
    2      15      92
    2      16       2
    2      18      50
    2      19       3
    2      20      84
    2      21      75
    2      22     100
    2      23      81
    2      24      51
    2      25       1
    2      26      36
    2      27      92
    2      28      84
    2      30      21
    2      31      41
    2      32      92
    2      33      55
    2      35       4
    2      36      22
    2      38      38
    2      39      85
    2      41      93
    2      42      84
    2      44      87
    2      45      20
    2      46      12
    2      47      20
    2      48      20
    2      51      83
    2      52      82
    2      53      66
    2      54      78
    2      55     100
    2      56      35
    2      57      93
    2      58      94
    2      59      74
    2      60      28
    2      61      57
    2      62       1
    2      63      72
    2      64      60
    2      66      63
    2      67      84
    2      68      11
    2      69      75
    2      70      50
    2      71      74
    2      72      99
    2      73      36
    2      74      95
    2      75      87
    2      78      59
    2      79      36
    2      81      25
    2      82      73
    2      83       3
    2      84      95
    2      85      55
    2      86      10
    2      87      14
    2      89      85
    2      90      30
    2      91      11
    2      92      51
    2      93      77
    2      94      14
    2      95      49
    2      96       7
    2      99      22
    2     100      37
    3       4      68
    3       5     100
    3       6      39
    3       7      28
    3       8      81
    3       9      97
    3      10      91
    3      11      89
    3      12      45
    3      14       3
    3      15      46
    3      16      64
    3      17      55
    3      18      31
    3      19      90
    3      20      26
    3      21       5
    3      22      67
    3      23      99
    3      25      42
    3      26      17
    3      27      58
    3      28      34
    3      29      12
    3      30      76
    3      31      44
    3      33      18
    3      35      89
    3      36      69
    3      37      73
    3      38      44
    3      39      65
    3      40      15
    3      42      87
    3      43      60
    3      44      45
    3      45      56
    3      46      91
    3      47      17
    3      48      14
    3      50       8
    3      51      46
    3      52      99
    3      53      39
    3      54      49
    3      55      54
    3      56      30
    3      57      13
    3      58      18
    3      59      22
    3      61      22
    3      62      92
    3      63      92
    3      64      72
    3      65      19
    3      67      75
    3      68      98
    3      69      52
    3      70      51
    3      71      34
    3      72      37
    3      73      72
    3      74      36
    3      75      20
    3      76      65
    3      77      18
    3      78      18
    3      79      81
    3      80      32
    3      81      91
    3      82      73
    3      83      48
    3      84      23
    3      85      34
    3      86      58
    3      87       9
    3      88      59
    3      89      98
    3      90      79
    3      91      97
    3      92      66
    3      93      34
    3      94      38
    3      95      24
    3      96      11
    3      97      74
    3      98      66
    3      99      59
    3     100      11
    4       5      19
    4       6      86
    4       7      25
    4       8      56
    4       9      23
    4      10      39
    4      11      51
    4      12      18
    4      13      20
    4      14      33
    4      15      34
    4      16      36
    4      17      76
    4      18       3
    4      19      69
    4      20      34
    4      22      17
    4      24      99
    4      25      74
    4      26       2
    4      27      82
    4      28      22
    4      29      31
    4      30      45
    4      31      84
    4      32      77
    4      34      19
    4      35      35
    4      36      43
    4      37      91
    4      38      18
    4      39      93
    4      40      50
    4      41      14
    4      42      93
    4      43      42
    4      44       4
    4      45      46
    4      46       5
    4      47      55
    4      48      36
    4      49      94
    4      50      69
    4      51      12
    4      52      15
    4      53      25
    4      54      93
    4      55      60
    4      56      91
    4      57      34
    4      58      88
    4      60      53
    4      61      50
    4      62      52
    4      63      63
    4      64      15
    4      65      95
    4      66      81
    4      67      16
    4      68      29
    4      69      13
    4      70      52
    4      71      65
    4      72       4
    4      73      14
    4      74      41
    4      75      30
    4      76      99
    4      77       5
    4      78       2
    4      79      19
    4      80      70
    4      81      85
    4      82      49
    4      83      18
    4      86      33
    4      87      23
    4      88      95
    4      90      69
    4      91      48
    4      92      92
    4      94      30
    4      95      98
    4      96      98
    4      97       8
    4      98      90
    4      99      99
    4     100      13
    5       6      37
    5       7      90
    5       8      29
    5       9      12
    5      10      82
    5      11      85
    5      12      89
    5      13      87
    5      14       6
    5      15      75
    5      16      68
    5      17      71
    5      18      33
    5      19      79
    5      20      22
    5      21      77
    5      22       8
    5      23      18
    5      24      99
    5      25      83
    5      26     100
    5      27      48
    5      28      72
    5      29      68
    5      30      85
    5      31      90
    5      32      18
    5      33      44
    5      34      42
    5      35       4
    5      36      15
    5      37      73
    5      38       6
    5      39      63
    5      40      77
    5      41      87
    5      42      72
    5      43      85
    5      45       1
    5      46      26
    5      48      57
    5      50      85
    5      51      67
    5      52      98
    5      54      75
    5      55      75
    5      56      54
    5      57      98
    5      58      83
    5      59      52
    5      60      37
    5      61       1
    5      62      71
    5      63      47
    5      64      80
    5      65      79
    5      66      33
    5      68      78
    5      69      95
    5      70      55
    5      71      86
    5      72      34
    5      74       8
    5      76       1
    5      77      29
    5      78      71
    5      80       5
    5      81      77
    5      82      59
    5      83      39
    5      84      22
    5      85      85
    5      86      43
    5      87      40
    5      88      36
    5      89      73
    5      90      74
    5      91      38
    5      92      39
    5      93      14
    5      94      40
    5      95      68
    5      96      65
    5      97      19
    5      98      69
    5      99      31
    5     100       3
    6       7      60
    6       8      70
    6       9      72
    6      10      23
    6      12      98
    6      13      34
    6      14      80
    6      15      44
    6      17      12
    6      18      13
    6      19      64
    6      20      40
    6      21       7
    6      22      46
    6      23      53
    6      24      56
    6      25      90
    6      26      44
    6      27      92
    6      28      63
    6      29      26
    6      30      93
    6      32      26
    6      34      32
    6      36      54
    6      37      34
    6      38      17
    6      39      74
    6      40      78
    6      41      91
    6      42      20
    6      43       3
    6      44       7
    6      45       2
    6      46      81
    6      47      98
    6      48      82
    6      49       7
    6      50       4
    6      51       4
    6      52      52
    6      53      62
    6      54       7
    6      55      80
    6      56      29
    6      57      69
    6      58      94
    6      59      65
    6      60      34
    6      61      49
    6      62       6
    6      63       8
    6      64      65
    6      65      82
    6      66      41
    6      67      26
    6      68      41
    6      69      86
    6      70      12
    6      71      28
    6      72      70
    6      73      93
    6      74      86
    6      75       6
    6      76      91
    6      77      90
    6      78      58
    6      79      56
    6      80      54
    6      81      66
    6      82      83
    6      83      84
    6      84      44
    6      85      97
    6      86      24
    6      87       1
    6      88       8
    6      89      41
    6      90      57
    6      91      45
    6      92      78
    6      93      38
    6      94      57
    6      96      93
    6      97      81
    6      98      35
    6      99       7
    6     100      95
    7       9      13
    7      10      67
    7      11      12
    7      12      53
    7      13      46
    7      14      63
    7      15      44
    7      16      18
    7      17      28
    7      18       2
    7      19      88
    7      20      49
    7      21      18
    7      23       5
    7      24      24
    7      25      77
    7      26      46
    7      27      58
    7      28      14
    7      29      86
    7      30      33
    7      31      72
    7      32      38
    7      33      63
    7      34      30
    7      35      61
    7      36       2
    7      37       3
    7      38      46
    7      39      63
    7      40      38
    7      41      38
    7      42      56
    7      43      33
    7      44      19
    7      46      94
    7      47      30
    7      48      76
    7      49      74
    7      50      35
    7      51      81
    7      52      60
    7      53      69
    7      54      24
    7      55      31
    7      56      43
    7      57      59
    7      58      74
    7      59      61
    7      60      15
    7      61      83
    7      62      19
    7      63      90
    7      65      80
    7      66      36
    7      67      55
    7      68      68
    7      69      39
    7      70      46
    7      71       1
    7      72      71
    7      73      21
    7      74      83
    7      75      13
    7      76      14
    7      77      40
    7      78      18
    7      79      87
    7      80      73
    7      81      59
    7      82      25
    7      83      55
    7      84      90
    7      86      17
    7      87      37
    7      88      71
    7      89      92
    7      90       7
    7      91      24
    7      92      74
    7      93      38
    7      95      65
    7      97      72
    7      98      26
    7      99       3
    7     100      82
    8       9      67
    8      10      23
    8      11       8
    8      12      70
    8      15      80
    8      16      73
    8      17      39
    8      18      72
    8      19      73
    8      20      84
    8      21      26
    8      22      93
    8      23      91
    8      24      27
    8      25      43
    8      26      97
    8      27      18
    8      28      46
    8      29      85
    8      30      74
    8      31      54
    8      32       2
    8      34      71
    8      36      35
    8      37      44
    8      38      65
    8      39      93
    8      40      41
    8      41      95
    8      42       6
    8      43      56
    8      45       6
    8      46      77
    8      47      30
    8      48      77
    8      49      38
    8      50      75
    8      52      13
    8      53      47
    8      54      44
    8      55      93
    8      56       5
    8      57      84
    8      58      29
    8      59       9
    8      60      18
    8      61      24
    8      62      75
    8      63      72
    8      64      65
    8      65      56
    8      67      99
    8      68      51
    8      71      37
    8      72      22
    8      73       9
    8      74       8
    8      75      36
    8      76      88
    8      77      39
    8      78      82
    8      79      44
    8      80      65
    8      81      98
    8      82      85
    8      83      90
    8      84      21
    8      85      86
    8      86      72
    8      88      64
    8      89      87
    8      90      11
    8      91      18
    8      92      97
    8      93      29
    8      94      68
    8      95      20
    8      96      27
    8      97      48
    8      98       2
    8      99      73
    8     100      19
    9      10      35
    9      11      73
    9      12      34
    9      13      91
    9      14      83
    9      15      80
    9      18       7
    9      19       8
    9      20       7
    9      21      51
    9      22      73
    9      23      59
    9      24      87
    9      25      61
    9      26      41
    9      27      74
    9      28      28
    9      29       4
    9      30      14
    9      31      23
    9      32      46
    9      33      54
    9      34      70
    9      35      41
    9      36      94
    9      38      78
    9      39      24
    9      41      51
    9      42      27
    9      43      42
    9      44       3
    9      45      60
    9      46      45
    9      47      58
    9      48      53
    9      49       8
    9      51      32
    9      52      74
    9      53      36
    9      54      43
    9      55      63
    9      56      24
    9      57      19
    9      58      15
    9      59      38
    9      60      62
    9      61      72
    9      62      74
    9      63      16
    9      64      12
    9      65      79
    9      66      24
    9      67      80
    9      68      67
    9      69      25
    9      70      22
    9      71      58
    9      72      60
    9      73      72
    9      74      87
    9      75      68
    9      76      74
    9      77      87
    9      78      97
    9      80      66
    9      81      15
    9      82      61
    9      83       3
    9      84      91
    9      85      34
    9      86      89
    9      87      46
    9      89      67
    9      90      74
    9      91      33
    9      92      38
    9      93      70
    9      94      49
    9      95      39
    9      96      78
    9      97      86
    9      98      67
   10      11      48
   10      12      24
   10      13      12
   10      14      63
   10      15      58
   10      16      66
   10      17      17
   10      18       8
   10      20      25
   10      22      73
   10      23       7
   10      24      36
   10      25      34
   10      26       5
   10      27      32
   10      28      65
   10      29      36
   10      30      58
   10      31      49
   10      32      57
   10      33      90
   10      34      51
   10      35      63
   10      36      57
   10      37       4
   10      38      57
   10      39      16
   10      40      39
   10      41      73
   10      42      31
   10      43      55
   10      44      46
   10      45      75
   10      46      74
   10      47      86
   10      49      53
   10      50      34
   10      51      39
   10      52      96
   10      53      86
   10      54      66
   10      55      46
   10      56      91
   10      57       1
   10      58      54
   10      59      71
   10      60       9
   10      61       1
   10      65      67
   10      66      82
   10      67      81
   10      69      98
   10      70      59
   10      71      75
   10      72       6
   10      74      94
   10      75      51
   10      77      93
   10      78      72
   10      79      70
   10      80      68
   10      81      78
   10      82      37
   10      84      34
   10      85      64
   10      86       5
   10      87      95
   10      88      94
   10      89      10
   10      90      33
   10      91      42
   10      92      18
   10      93      15
   10      94      12
   10      95      14
   10      96      86
   10      97      41
   10      98      54
   10      99       8
   11      12      52
   11      13      79
   11      14      62
   11      16      42
   11      17      17
   11      19      65
   11      20       7
   11      21       8
   11      22      88
   11      23      22
   11      24      44
   11      25       9
   11      26      22
   11      27      76
   11      28      49
   11      29      31
   11      30      98
   11      31       5
   11      32      58
   11      33       1
   11      34      89
   11      35      45
   11      36      79
   11      37      70
   11      38      70
   11      39      63
   11      40      13
   11      41      41
   11      42      98
   11      43      17
   11      44      59
   11      45      91
   11      46      22
   11      47      11
   11      48      45
   11      49      42
   11      50       9
   11      51       3
   11      52      25
   11      53      18
   11      54      69
   11      55       3
   11      56      25
   11      57      28
   11      58      50
   11      59      51
   11      60      15
   11      61      17
   11      62      34
   11      63      47
   11      64      95
   11      65       7
   11      66      23
   11      67      70
   11      68      74
   11      69       6
   11      70      86
   11      72      89
   11      73      38
   11      74      29
   11      76      13
   11      78      49
   11      79      57
   11      80      52
   11      81      87
   11      82       8
   11      83      98
   11      84      70
   11      85      31
   11      86      73
   11      87      22
   11      88      86
   11      89      94
   11      90      16
   11      91      33
   11      92      71
   11      93      47
   11      94      14
   11      96      28
   11      97      58
   11      98      74
   11      99      22
   11     100      66
   12      13      89
   12      15       3
   12      16      12
   12      17      79
   12      19      69
   12      20      63
   12      21      71
   12      22      26
   12      23      23
   12      24      21
   12      25      63
   12      26      83
   12      27      65
   12      28      27
   12      29      83
   12      30      24
   12      32      60
   12      33      91
   12      34      76
   12      35      65
   12      36       1
   12      38      86
   12      39      25
   12      40       4
   12      41      83
   12      42      27
   12      43      63
   12      44       2
   12      45      90
   12      46      80
   12      47      11
   12      48      41
   12      49      98
   12      50      72
   12      51      87
   12      52       2
   12      53      87
   12      54      73
   12      55      12
   12      56      43
   12      57      13
   12      58      93
   12      59      43
   12      60      33
   12      61      36
   12      62      32
   12      63      77
   12      64      63
   12      65      23
   12      66      56
   12      67      90
   12      68      90
   12      69      17
   12      70      17
   12      71      81
   12      72      26
   12      73      91
   12      74       8
   12      75      92
   12      76      63
   12      77      86
   12      80      89
   12      81      91
   12      82      99
   12      83      68
   12      84      51
   12      85      22
   12      86      77
   12      87      25
   12      88      96
   12      89      51
   12      90      85
   12      92      15
   12      93      43
   12      94       3
   12      95      57
   12      96      89
   12      97      66
   12      98      26
   12      99      37
   12     100      14
   13      14       8
   13      15      63
   13      16      40
   13      17      86
   13      18      49
   13      19      54
   13      20      73
   13      21      26
   13      22      33
   13      24      51
   13      25      18
   13      26      63
   13      27      24
   13      28      32
   13      29      11
   13      30      13
   13      31      41
   13      32       2
   13      33      40
   13      34      61
   13      35      66
   13      36      11
   13      37      58
   13      38      50
   13      40      18
   13      41      46
   13      43      25
   13      44      48
   13      45       5
   13      46      78
   13      47      15
   13      48      98
   13      49      57
   13      50      95
   13      51      50
   13      52       8
   13      53       9
   13      54      70
   13      55      79
   13      56      79
   13      57      59
   13      58      81
   13      59      86
   13      60      81
   13      61      87
   13      62      34
   13      64      37
   13      65      51
   13      66      47
   13      67       4
   13      68       4
   13      69      67
   13      70      52
   13      71      77
   13      72      17
   13      73      51
   13      74      23
   13      75      98
   13      76       9
   13      77      53
   13      78      66
   13      79      49
   13      80      63
   13      81      67
   13      82       9
   13      84      24
   13      85      73
   13      86      90
   13      87      20
   13      88      60
   13      89      68
   13      90      55
   13      91      30
   13      92      53
   13      95       1
   13      96      86
   13      97      13
   13      98      88
   13      99      55
   13     100      48
   14      15      32
   14      16      11
   14      17      68
   14      18      86
   14      19      22
   14      20      82
   14      21      44
   14      22       6
   14      23      24
   14      24      58
   14      25      39
   14      26      87
   14      27       5
   14      28      88
   14      29      50
   14      30      71
   14      31      56
   14      32      60
   14      33      83
   14      34      42
   14      35      38
   14      36      75
   14      37      54
   14      38      14
   14      39      80
   14      40      89
   14      41      81
   14      42      14
   14      43      69
   14      45      75
   14      46      11
   14      47      73
   14      48      17
   14      49      42
   14      50      50
   14      51       4
   14      52      42
   14      54      79
   14      55      99
   14      56      91
   14      57      56
   14      58      11
   14      59      73
   14      60      83
   14      61      75
   14      62      98
   14      63      36
   14      64      81
   14      65      61
   14      66      38
   14      67     100
   14      68       9
   14      69      80
   14      70      96
   14      73      69
   14      74      76
   14      75      99
   14      76      46
   14      77      72
   14      78      84
   14      79      33
   14      80       4
   14      81      94
   14      82      61
   14      83      13
   14      85      53
   14      86      15
   14      87      50
   14      88      61
   14      89      65
   14      90      62
   14      91      36
   14      92      29
   14      93      72
   14      94      76
   14      95      54
   14      96      18
   14      97      60
   14      98      74
   15      16      55
   15      17      28
   15      18      19
   15      19      21
   15      20      29
   15      21      27
   15      22      62
   15      24      62
   15      25      43
   15      26      70
   15      27      20
   15      29      93
   15      30      32
   15      31       1
   15      32      29
   15      33      30
   15      34      46
   15      35      15
   15      36      94
   15      37      99
   15      38      43
   15      39      40
   15      40      79
   15      41      88
   15      42      77
   15      43      40
   15      44      88
   15      45      99
   15      46      90
   15      47      43
   15      48      29
   15      49      49
   15      50       7
   15      51      75
   15      52      73
   15      53      18
   15      54      69
   15      55      50
   15      58       5
   15      60      76
   15      61       6
   15      63      22
   15      64      64
   15      65      56
   15      67      39
   15      68      19
   15      69      76
   15      70      32
   15      71       5
   15      72     100
   15      73      62
   15      74      72
   15      75      35
   15      76      48
   15      77      77
   15      78      49
   15      79       9
   15      80      75
   15      81      37
   15      82      34
   15      83      76
   15      84      91
   15      85      52
   15      86      44
   15      87      18
   15      88      80
   15      90      83
   15      91      15
   15      92      17
   15      93      37
   15      94      26
   15      95      75
   15      96      49
   15      97      93
   15      98      12
   15      99      40
   15     100      51
   16      17       7
   16      18      29
   16      19      33
   16      20      38
   16      21      49
   16      22      21
   16      23      47
   16      24      73
   16      25      54
   16      26      75
   16      27      60
   16      28      86
   16      29      29
   16      30      37
   16      31      31
   16      32      69
   16      33      62
   16      34       2
   16      35      62
   16      36      48
   16      37      31
   16      39      25
   16      40      59
   16      41      88
   16      42      70
   16      43      64
   16      44      28
   16      46      31
   16      47      96
   16      48       9
   16      49      17
   16      50       1
   16      51      97
   16      52      48
   16      53       6
   16      54      10
   16      55      85
   16      56      15
   16      57      87
   16      58       1
   16      59      12
   16      60      44
   16      61      17
   16      62      16
   16      63      90
   16      64      30
   16      65      15
   16      66      45
   16      67      44
   16      68       3
   16      69      30
   16      71      81
   16      72      23
   16      73      77
   16      74      72
   16      75      89
   16      76      63
   16      77      90
   16      78      73
   16      79      48
   16      80      56
   16      81      95
   16      82      73
   16      84      64
   16      85      29
   16      87      50
   16      88       4
   16      89      71
   16      90      35
   16      91      37
   16      92      54
   16      93      48
   16      94      20
   16      95      79
   16      96      31
   16      97      24
   16      99      86
   16     100      94
   17      18       5
   17      19      47
   17      20      91
   17      21      65
   17      22      42
   17      23      47
   17      24      51
   17      25      73
   17      26      34
   17      27      45
   17      28      58
   17      29      42
   17      30      42
   17      31      70
   17      32      75
   17      34      66
   17      35      24
   17      36      82
   17      37      34
   17      38       8
   17      39      95
   17      40      88
   17      41      29
   17      42      52
   17      43      84
   17      44      55
   17      45      73
   17      46      31
   17      47      10
   17      48      40
   17      49      31
   17      50      69
   17      51      39
   17      52      52
   17      53      20
   17      54      87
   17      55      48
   17      56      66
   17      57       5
   17      58     100
   17      59      84
   17      60      94
   17      61      63
   17      62      93
   17      63      52
   17      64      28
   17      65      31
   17      66      64
   17      67      65
   17      68      74
   17      69      73
   17      70      63
   17      71      83
   17      72       1
   17      73      51
   17      74      46
   17      76      20
   17      77      31
   17      78      38
   17      79      21
   17      80      19
   17      81      79
   17      82      70
   17      83      63
   17      84      86
   17      86      20
   17      87      84
   17      88      36
   17      89      79
   17      90       7
   17      91      62
   17      92      58
   17      93      43
   17      95      47
   17      96      52
   17      98       1
   17      99       3
   18      19      38
   18      20      76
   18      21      49
   18      22      54
   18      23      27
   18      24      32
   18      25      74
   18      26      83
   18      27      86
   18      28      81
   18      29      31
   18      30      52
   18      31      82
   18      33      99
   18      34      77
   18      35      19
   18      36      46
   18      37      51
   18      38      47
   18      39      66
   18      40      32
   18      41      26
   18      43      41
   18      44      36
   18      45       6
   18      46      42
   18      47      43
   18      48      63
   18      49      30
   18      50      16
   18      51       6
   18      52      22
   18      53      97
   18      54      72
   18      55      97
   18      56      12
   18      58      98
   18      59      93
   18      61      98
   18      62      40
   18      63      87
   18      64      65
   18      65      70
   18      66      82
   18      67      87
   18      68       5
   18      69      36
   18      70      24
   18      71      30
   18      72      23
   18      73      40
   18      74      89
   18      75      85
   18      76       4
   18      77      43
   18      78      70
   18      79      35
   18      80      30
   18      81      32
   18      82       3
   18      83      30
   18      84      13
   18      86      84
   18      87      62
   18      88      38
   18      89      62
   18      90      89
   18      91      27
   18      92      93
   18      93      71
   18      94      39
   18      95      88
   18      96      41
   18      97      16
   18      98      94
   18     100      80
   19      21      16
   19      22      57
   19      23      80
   19      24      90
   19      25      11
   19      26      99
   19      27      50
   19      28      62
   19      29      57
   19      30      71
   19      31      59
   19      32      22
   19      33      27
   19      34      34
   19      35      44
   19      36      97
   19      38      44
   19      39      37
   19      40      57
   19      41      87
   19      42      21
   19      43      20
   19      44      92
   19      45      86
   19      46       8
   19      47      49
   19      48       7
   19      49      96
   19      50      65
   19      51       8
   19      52      79
   19      53       9
   19      54      48
   19      55      50
   19      56       6
   19      57      21
   19      58      25
   19      59      89
   19      60       8
   19      61      46
   19      62      97
   19      63      52
   19      64      32
   19      65      60
   19      66      39
   19      67      33
   19      68      84
   19      70      68
   19      71      83
   19      72      85
   19      74      16
   19      75      43
   19      76      34
   19      77      78
   19      78      81
   19      79      77
   19      80       7
   19      82      43
   19      84      44
   19      85      32
   19      86      96
   19      87      87
   19      88      11
   19      89       9
   19      90      87
   19      91      11
   19      92      78
   19      93      43
   19      95      31
   19      97      86
   19      98      47
   19      99      11
   19     100      14
   20      22      35
   20      23      15
   20      24      75
   20      25      59
   20      26      80
   20      27      16
   20      28      34
   20      29      58
   20      30      54
   20      31      38
   20      32      55
   20      33      77
   20      35      84
   20      36      27
   20      38      45
   20      39       7
   20      40      88
   20      41      22
   20      43       9
   20      44      85
   20      45      42
   20      46      19
   20      47      52
   20      48      22
   20      49      96
   20      50      30
   20      53      83
   20      54     100
   20      55      28
   20      56      49
   20      57       3
   20      58       4
   20      59      84
   20      60       3
   20      61      27
   20      62      15
   20      63      59
   20      64      87
   20      65      84
   20      66       8
   20      67      40
   20      68      12
   20      69       6
   20      70       8
   20      71      76
   20      72      43
   20      73      74
   20      74      85
   20      75      86
   20      77      15
   20      78      80
   20      79      12
   20      80      90
   20      81      64
   20      82      19
   20      83      35
   20      84      63
   20      86      26
   20      87       6
   20      88      88
   20      89      80
   20      90      80
   20      91      46
   20      92      85
   20      93      33
   20      94      36
   20      95      59
   20      97      71
   20      98      98
   21      23      14
   21      24      15
   21      25      30
   21      26       9
   21      27      42
   21      28      87
   21      29      30
   21      30      32
   21      31      70
   21      32      65
   21      34      24
   21      35       2
   21      36      74
   21      37      55
   21      38       9
   21      39      18
   21      40      85
   21      41      81
   21      42      38
   21      43      51
   21      44       3
   21      45      17
   21      46      84
   21      47      47
   21      48      67
   21      49      22
   21      50      82
   21      51      11
   21      52      58
   21      53      35
   21      54      75
   21      55      31
   21      56      95
   21      57      62
   21      58      74
   21      59      79
   21      60      65
   21      61      75
   21      62      26
   21      63      95
   21      64      81
   21      65      65
   21      66      33
   21      67      10
   21      68      39
   21      69       8
   21      70      63
   21      71      49
   21      72      12
   21      73      54
   21      74      72
   21      75     100
   21      76      82
   21      77      50
   21      78      82
   21      79      85
   21      80      12
   21      81      45
   21      83      97
   21      84      86
   21      85       2
   21      86      24
   21      87      31
   21      88      52
   21      89      88
   21      90      81
   21      92      64
   21      93      83
   21      94      81
   21      95      68
   21      96      64
   21      97      22
   21      98      90
   21      99      70
   21     100      32
   22      24      80
   22      25      12
   22      26      75
   22      27      41
   22      29      65
   22      30      43
   22      31      77
   22      32      53
   22      33      90
   22      34       7
   22      35      83
   22      36      88
   22      38      55
   22      39      63
   22      41      25
   22      42      85
   22      43      98
   22      44      18
   22      45      32
   22      46      64
   22      47      70
   22      48      28
   22      49      77
   22      50      84
   22      51      77
   22      52      20
   22      53      23
   22      54      62
   22      55      54
   22      56      29
   22      57      50
   22      59      13
   22      60      86
   22      61      59
   22      62       8
   22      63      27
   22      64      62
   22      65      91
   22      67      89
   22      68      13
   22      69      81
   22      70      91
   22      71      98
   22      72      84
   22      73      27
   22      74      11
   22      75      21
   22      76      65
   22      77      71
   22      78      43
   22      79      61
   22      80       2
   22      81       2
   22      82      87
   22      83      75
   22      84      36
   22      85      93
   22      86      44
   22      87      82
   22      88      53
   22      89      46
   22      90      34
   22      91      12
   22      93      69
   22      94      97
   22      95      88
   22      96      41
   22      97      39
   22      98      49
   23      24      38
   23      25      28
   23      26      59
   23      27      47
   23      28      93
   23      29      35
   23      30      89
   23      31      64
   23      32      20
   23      34      92
   23      35      86
   23      36      20
   23      37      20
   23      39      39
   23      40      53
   23      41      35
   23      43      10
   23      44      23
   23      45      94
   23      46      22
   23      48      17
   23      49      60
   23      50      45
   23      51      79
   23      53      79
   23      54       8
   23      55      22
   23      56      89
   23      57      75
   23      58      99
   23      59      61
   23      60      95
   23      61      31
   23      62      52
   23      63      37
   23      64      80
   23      65      13
   23      66      96
   23      68      65
   23      69      72
   23      70      66
   23      71      21
   23      72       1
   23      73      26
   23      74      64
   23      75      89
   23      77      25
   23      78      20
   23      79      95
   23      80      41
   23      81      42
   23      82      70
   23      83       5
   23      84       2
   23      85      43
   23      87      15
   23      88      30
   23      89      52
   23      90      97
   23      91      87
   23      92      95
   23      93      11
   23      94      68
   23      95      88
   23      96      37
   23      97      85
   23      98      34
   23      99       4
   23     100      70
   24      25       9
   24      26      24
   24      27      43
   24      28      61
   24      29      31
   24      30      76
   24      32       8
   24      33      52
   24      34      34
   24      35      34
   24      36      70
   24      38      77
   24      39      33
   24      40      15
   24      41      81
   24      42      36
   24      43      37
   24      44      39
   24      45       1
   24      46      94
   24      47      48
   24      48      52
   24      49      78
   24      50      65
   24      51      93
   24      52      95
   24      53      93
   24      54      46
   24      55      96
   24      56      35
   24      57      66
   24      58       6
   24      59      30
   24      60      11
   24      61      12
   24      63      33
   24      64      76
   24      65      73
   24      66      39
   24      67      84
   24      68      59
   24      71      96
   24      72      51
   24      73      97
   24      75      77
   24      76      14
   24      77      96
   24      78      52
   24      79      80
   24      80      20
   24      81      37
   24      82      45
   24      83      63
   24      84      52
   24      85      79
   24      86      51
   24      87       6
   24      88      56
   24      89      76
   24      90      12
   24      91      37
   24      92      90
   24      94      96
   24      96      95
   24      97      62
   24      98     100
   24      99      65
   24     100     100
   25      26      16
   25      27      33
   25      28      63
   25      29      49
   25      30      88
   25      31      66
   25      32      86
   25      33      62
   25      34      29
   25      35      16
   25      36      90
   25      37      40
   25      38      54
   25      39      54
   25      40      91
   25      41      79
   25      42      14
   25      43      45
   25      45      46
   25      46      35
   25      47      52
   25      48       3
   25      49      41
   25      50      33
   25      53      14
   25      54      97
   25      55      42
   25      56      65
   25      57      91
   25      58       5
   25      59      81
   25      60      80
   25      61      57
   25      62      50
   25      63       4
   25      64      21
   25      65      56
   25      66      75
   25      67      14
   25      68      81
   25      69      40
   25      70      43
   25      71      51
   25      72      62
   25      73      21
   25      74      76
   25      75      57
   25      76      56
   25      77      42
   25      78      48
   25      79      48
   25      81      56
   25      82      51
   25      84      55
   25      85      30
   25      86      87
   25      87      68
   25      88      14
   25      89       1
   25      90      99
   25      91      80
   25      92       3
   25      93      47
   25      94      86
   25      95      66
   25      96      80
   25      97      74
   25      98      71
   25      99      23
   26      27      34
   26      28      30
   26      29      85
   26      30      16
   26      31      10
   26      32      17
   26      33      61
   26      34      28
   26      35      37
   26      36      67
   26      37      63
   26      39      20
   26      40      33
   26      41      62
   26      42      96
   26      44      45
   26      45      36
   26      46      35
   26      48      42
   26      49      48
   26      50      22
   26      52      81
   26      53       3
   26      54      82
   26      55      41
   26      56      92
   26      57      96
   26      58      84
   26      59      99
   26      60      61
   26      61      58
   26      62      22
   26      63      88
   26      64      44
   26      65      40
   26      66      75
   26      67      79
   26      68      33
   26      69      72
   26      70      47
   26      71      15
   26      72      19
   26      73      96
   26      74       8
   26      75      20
   26      76      31
   26      77      90
   26      78      97
   26      79      53
   26      80      97
   26      81      42
   26      82      18
   26      83      12
   26      84      38
   26      85      58
   26      86      25
   26      88      74
   26      89      85
   26      90      27
   26      92       8
   26      93      32
   26      94      20
   26      95      68
   26      96      86
   26      98      29
   26      99      54
   26     100       1
   27      29      79
   27      30      75
   27      31      45
   27      32      78
   27      33       3
   27      34     100
   27      35      58
   27      36      61
   27      37      54
   27      38      76
   27      39      97
   27      41      22
   27      42      25
   27      43      80
   27      44      72
   27      45      73
   27      46      60
   27      47      72
   27      48      96
   27      50      27
   27      51      70
   27      53      34
   27      54      19
   27      55      95
   27      56      23
   27      57      39
   27      58       2
   27      59      14
   27      60     100
   27      61      11
   27      62      34
   27      63      42
   27      64      38
   27      65      56
   27      66      84
   27      67      24
   27      68      81
   27      69      89
   27      70      74
   27      71      77
   27      72      68
   27      74      10
   27      75      43
   27      76      87
   27      77      77
   27      78      67
   27      79      85
   27      80      72
   27      82      44
   27      83      65
   27      84      30
   27      85      74
   27      86      93
   27      88      26
   27      89      13
   27      90      94
   27      91      93
   27      92      29
   27      93      19
   27      94      15
   27      95      82
   27      96      50
   27      97      40
   27      98      82
   27      99       4
   27     100      48
   28      29      65
   28      30      11
   28      31      69
   28      32      41
   28      33      36
   28      34      41
   28      35      97
   28      36      19
   28      37      25
   28      38      35
   28      40      54
   28      43      78
   28      44      19
   28      45      67
   28      46      90
   28      47      62
   28      48      90
   28      49      96
   28      50      22
   28      52      80
   28      53      42
   28      54      89
   28      55      22
   28      56      90
   28      57      50
   28      58      40
   28      59      84
   28      60      56
   28      61      79
   28      62      13
   28      63      49
   28      64      80
   28      65      13
   28      66       2
   28      67      24
   28      68      98
   28      69      81
   28      70      17
   28      71      78
   28      72       1
   28      75      87
   28      76      21
   28      77      71
   28      78       6
   28      79      20
   28      80      19
   28      81      19
   28      82      23
   28      83      76
   28      84      86
   28      85      17
   28      86      98
   28      88      54
   28      89      13
   28      91      58
   28      92      79
   28      93      71
   28      95      95
   28      97       5
   28      99      36
   28     100      38
   29      30     100
   29      31      62
   29      32      20
   29      33      27
   29      34      10
   29      35      59
   29      36      16
   29      37      40
   29      38      42
   29      39      36
   29      40      74
   29      41      75
   29      42      92
   29      43      90
   29      44      53
   29      45      27
   29      46      86
   29      47      52
   29      48      69
   29      49      40
   29      50      29
   29      51     100
   29      53      87
   29      54      89
   29      55      59
   29      57       1
   29      58      21
   29      59      31
   29      60       5
   29      61      50
   29      62      70
   29      63      39
   29      64      33
   29      65      89
   29      66      26
   29      67       3
   29      68      33
   29      69      38
   29      70     100
   29      71      48
   29      72      75
   29      73      21
   29      74       2
   29      75      55
   29      76      59
   29      77      91
   29      78      97
   29      79      59
   29      80      20
   29      81       4
   29      82      26
   29      83      15
   29      84      59
   29      85      88
   29      86      19
   29      87      87
   29      88      66
   29      89      80
   29      90      78
   29      92      18
   29      93      64
   29      94      52
   29      95      40
   29      96      56
   29      97      72
   29      98      30
   29      99       2
   29     100      53
   30      31      24
   30      32      68
   30      33      31
   30      34      79
   30      35      44
   30      36      58
   30      37       8
   30      38      47
   30      39      50
   30      40      49
   30      41       1
   30      42      74
   30      44      19
   30      45       8
   30      46      52
   30      47      23
   30      48      86
   30      49      74
   30      50      27
   30      51      63
   30      52      84
   30      53      69
   30      54      93
   30      55      21
   30      56      77
   30      57      65
   30      58      12
   30      59      94
   30      60      97
   30      61      41
   30      62       2
   30      63      10
   30      64      20
   30      65      13
   30      66      93
   30      67      32
   30      68      36
   30      69      88
   30      70      12
   30      71      13
   30      72       9
   30      73      11
   30      74      93
   30      75      87
   30      76      24
   30      77      36
   30      78      58
   30      79       3
   30      80      50
   30      81       6
   30      82      11
   30      83      55
   30      84      71
   30      85      86
   30      87      58
   30      88      33
   30      89      95
   30      90      81
   30      91      18
   30      92      40
   30      93      47
   30      95     100
   30      96      78
   30      97     100
   30      98      51
   30      99      99
   30     100      88
   31      33      79
   31      34      35
   31      35       2
   31      36      71
   31      37      95
   31      39      65
   31      40      85
   31      41       5
   31      42      84
   31      43      87
   31      44      97
   31      45      66
   31      46       3
   31      47      76
   31      49     100
   31      50      72
   31      51      95
   31      53      49
   31      54       9
   31      55      93
   31      56      33
   31      57      91
   31      58      25
   31      59      63
   31      60      25
   31      61      75
   31      62      68
   31      63      84
   31      64      70
   31      65      99
   31      68      92
   31      69      90
   31      70      99
   31      71     100
   31      72      27
   31      73      86
   31      74      94
   31      75      62
   31      77      45
   31      78      81
   31      79      13
   31      80      35
   31      81      72
   31      82       6
   31      83      48
   31      84      85
   31      85      84
   31      86      16
   31      87      14
   31      88      50
   31      89      83
   31      90      80
   31      91      58
   31      92      78
   31      93      76
   31      94      76
   31      95      50
   31      97      54
   31      98      23
   31      99      28
   31     100      28
   32      33      78
   32      34      11
   32      35      17
   32      36      80
   32      37      38
   32      38      96
   32      39      91
   32      40       1
   32      41      41
   32      42      41
   32      43      16
   32      44      54
   32      45      51
   32      46      61
   32      47       2
   32      48      19
   32      49       3
   32      50     100
   32      51      19
   32      52      64
   32      53      33
   32      54      99
   32      55      21
   32      57       1
   32      58      29
   32      59      77
   32      60      55
   32      61      71
   32      62      94
   32      63      25
   32      64      57
   32      65      98
   32      66      15
   32      67      91
   32      68      96
   32      69       7
   32      70      28
   32      71      77
   32      72      47
   32      73      17
   32      74      96
   32      75      34
   32      76      59
   32      77       9
   32      78      70
   32      79      90
   32      80      41
   32      81      55
   32      82      90
   32      83      24
   32      84      91
   32      85       6
   32      87      46
   32      88      65
   32      89      56
   32      90      96
   32      91      80
   32      92      28
   32      93       6
   32      94      41
   32      95      35
   32      96      60
   32      97      59
   32      98      43
   32      99      57
   32     100      62
   33      34      35
   33      35       1
   33      36      69
   33      38      81
   33      39      61
   33      40      28
   33      41      98
   33      42      35
   33      43      10
   33      44      57
   33      45      16
   33      46      31
   33      47      87
   33      48      39
   33      49       8
   33      50      93
   33      51       5
   33      52      11
   33      53      87
   33      54      14
   33      55      30
   33      56      54
   33      57      51
   33      58      10
   33      59      52
   33      60      73
   33      61      98
   33      62      54
   33      63      28
   33      64      77
   33      65       3
   33      66      83
   33      67      62
   33      68      28
   33      69      99
   33      70      65
   33      71      66
   33      72      42
   33      73      90
   33      74      89
   33      75      16
   33      78      19
   33      79      98
   33      80      10
   33      81      30
   33      82      57
   33      83      56
   33      84      84
   33      85      64
   33      86       6
   33      87      52
   33      88      71
   33      89      31
   33      90      60
   33      91      73
   33      93      27
   33      94       6
   33      95      54
   33      96      67
   33      98      46
   33      99      61
   33     100      39
   34      35      11
   34      36      84
   34      37      36
   34      39      94
   34      40      69
   34      41      55
   34      42      56
   34      43      76
   34      44       4
   34      45      44
   34      46      85
   34      47      45
   34      48      43
   34      49      11
   34      51      80
   34      52      23
   34      53       4
   34      54      20
   34      55      70
   34      56      92
   34      57      80
   34      58      42
   34      59      53
   34      60      89
   34      61      60
   34      62      43
   34      64      27
   34      65      75
   34      66      89
   34      67       2
   34      68      77
   34      69      32
   34      70      47
   34      71      31
   34      72      22
   34      73      24
   34      74      12
   34      75      77
   34      76      71
   34      77      55
   34      78      32
   34      79      51
   34      81      40
   34      82      85
   34      84      22
   34      85      92
   34      86      50
   34      87      71
   34      89      56
   34      90      57
   34      91      16
   34      92      57
   34      93      54
   34      94      60
   34      95     100
   34      96      78
   34      97      86
   34      98      32
   34      99       3
   34     100      14
   35      36      58
   35      37      18
   35      38      64
   35      39      87
   35      40      74
   35      41      79
   35      42      86
   35      43      70
   35      45      60
   35      46      33
   35      47      66
   35      48      66
   35      49      77
   35      50       2
   35      51      13
   35      52      14
   35      53      54
   35      55      13
   35      56       5
   35      57      44
   35      59     100
   35      60      49
   35      61      11
   35      62      98
   35      63     100
   35      64      65
   35      65      85
   35      66      10
   35      67      20
   35      68      50
   35      70      61
   35      72      55
   35      73       5
   35      74       3
   35      76       9
   35      77      64
   35      80      78
   35      82      72
   35      83       4
   35      84      84
   35      85      76
   35      86      71
   35      87      69
   35      88      65
   35      90      74
   35      91      79
   35      92      33
   35      93      41
   35      94      45
   35      95      48
   35      97       1
   35      98      47
   35     100      83
   36      37      87
   36      38      58
   36      39      25
   36      40      68
   36      41      56
   36      42      93
   36      43      96
   36      44      48
   36      45      51
   36      46      14
   36      47      31
   36      48      41
   36      49      17
   36      51      43
   36      52      73
   36      53      16
   36      54      41
   36      55      70
   36      56      67
   36      57      89
   36      58      18
   36      59      63
   36      60      28
   36      61      45
   36      62      93
   36      63       7
   36      64      76
   36      65      86
   36      66      52
   36      67      75
   36      69      72
   36      70      55
   36      71       1
   36      72      42
   36      73       9
   36      74      88
   36      75      29
   36      76      54
   36      77      87
   36      78      75
   36      79      99
   36      80      39
   36      81      59
   36      82      29
   36      83      94
   36      84      33
   36      85      65
   36      86      15
   36      87       3
   36      88       4
   36      89      75
   36      90      73
   36      91      59
   36      93      13
   36      94       1
   36      95      49
   36      96      93
   36      97      10
   36      98      42
   36      99      25
   36     100      83
   37      38      13
   37      40      43
   37      41      59
   37      43       9
   37      45      40
   37      46      41
   37      47      97
   37      48      77
   37      49      96
   37      50      64
   37      51      19
   37      53      53
   37      54      23
   37      55      60
   37      56      45
   37      57      39
   37      58      21
   37      59      50
   37      60      86
   37      61      40
   37      62      77
   37      63      75
   37      64      60
   37      65      16
   37      66      35
   37      67      88
   37      68      53
   37      69      33
   37      70     100
   37      71      60
   37      72      30
   37      73      94
   37      75      80
   37      76      96
   37      77      91
   37      78      40
   37      79      29
   37      80      17
   37      82      11
   37      83      38
   37      84      57
   37      85      40
   37      87      30
   37      88      49
   37      89      63
   37      90      84
   37      91      92
   37      93      81
   37      94      33
   37      95       6
   37      96      63
   37      97      59
   37      98      53
   37      99       2
   37     100      73
   38      40      91
   38      41      41
   38      42      16
   38      43      36
   38      44      16
   38      45      91
   38      46      38
   38      47      49
   38      49      86
   38      50      68
   38      51       8
   38      52      83
   38      53      30
   38      54      38
   38      55      72
   38      57      12
   38      58      53
   38      59      81
   38      60      16
   38      61      70
   38      62      16
   38      63      26
   38      64      86
   38      66      24
   38      67      99
   38      68     100
   38      69      89
   38      70      56
   38      71      94
   38      72      86
   38      73      41
   38      74      23
   38      75      38
   38      76      75
   38      77      91
   38      78      60
   38      79       5
   38      80       6
   38      81      65
   38      82      97
   38      83      92
   38      84      76
   38      85      94
   38      86      28
   38      87      69
   38      88      89
   38      89      30
   38      90       4
   38      91      60
   38      92      86
   38      93      91
   38      94      79
   38      95      32
   38      96      79
   38      97       4
   38      98      77
   38      99      47
   38     100      38
   39      40      75
   39      41      65
   39      42      85
   39      43      80
   39      44       7
   39      45      82
   39      47      92
   39      48      94
   39      49      34
   39      50       4
   39      51      33
   39      53      78
   39      54      44
   39      55      49
   39      56      55
   39      57      21
   39      58     100
   39      59      85
   39      60      54
   39      61      37
   39      62      52
   39      63      97
   39      65      15
   39      66      17
   39      68      65
   39      69      63
   39      70      16
   39      71      79
   39      72      20
   39      73      41
   39      74      65
   39      75      51
   39      76      38
   39      77      67
   39      78      66
   39      79      14
   39      80      78
   39      81      63
   39      82       8
   39      84      70
   39      87      37
   39      89      60
   39      91      25
   39      92      33
   39      93      84
   39      94      64
   39      95      99
   39      96      85
   39      97      71
   39      98      54
   39     100      79
   40      41      88
   40      42      70
   40      43      31
   40      44      41
   40      46      44
   40      47      98
   40      48      95
   40      49       9
   40      50      64
   40      51      16
   40      52      94
   40      53      90
   40      54      24
   40      55      72
   40      56      59
   40      57      11
   40      58      98
   40      59      52
   40      60      44
   40      61      38
   40      62      81
   40      63      78
   40      64      23
   40      65      26
   40      66      30
   40      67      17
   40      68       9
   40      69      17
   40      70       6
   40      71      20
   40      72      33
   40      73      29
   40      74      75
   40      75      30
   40      76      84
   40      77      72
   40      78      28
   40      79      72
   40      80      36
   40      83      68
   40      84      18
   40      85      92
   40      86      34
   40      87      95
   40      88      20
   40      89      15
   40      90      94
   40      91       6
   40      92      24
   40      93       9
   40      94      84
   40      95       8
   40      96     100
   40      97      29
   40      98      74
   40      99      96
   40     100      85
   41      42      65
   41      43      80
   41      44       3
   41      45      89
   41      46       4
   41      47      12
   41      48     100
   41      49      36
   41      50      81
   41      51      72
   41      52      81
   41      53      25
   41      55      41
   41      56      13
   41      57      48
   41      58      97
   41      59      76
   41      60      96
   41      61      45
   41      62      34
   41      63      52
   41      64      93
   41      65      47
   41      66       7
   41      67      53
   41      68      50
   41      69      72
   41      70      17
   41      71      29
   41      73      63
   41      74      74
   41      75      19
   41      76      47
   41      77      71
   41      78      88
   41      79      63
   41      80      42
   41      81      91
   41      82      81
   41      83      13
   41      84      57
   41      85      29
   41      86      82
   41      87       9
   41      88       1
   41      89      26
   41      90      59
   41      91      24
   41      92      43
   41      93      23
   41      94      84
   41      95      27
   41      96      18
   41      97      86
   41      99      86
   41     100      80
   42      43      31
   42      44      79
   42      45      44
   42      46      96
   42      47      18
   42      48      75
   42      49      15
   42      50      16
   42      51      46
   42      52      38
   42      53      62
   42      54      35
   42      55      90
   42      56      24
   42      57      96
   42      58      66
   42      59      54
   42      60      93
   42      61      14
   42      62       4
   42      64      79
   42      65      45
   42      66      37
   42      67      56
   42      69      40
   42      70      38
   42      71      39
   42      72      73
   42      73      33
   42      74      14
   42      76      36
   42      77      58
   42      78      24
   42      79      87
   42      80      78
   42      81      21
   42      82      41
   42      83      56
   42      84      48
   42      85      57
   42      87      47
   42      88      89
   42      89      78
   42      90      89
   42      91      67
   42      92      96
   42      93      14
   42      94      14
   42      95      55
   42      96      36
   42      97      41
   42      98      15
   42      99       6
   42     100      14
   43      44      52
   43      45      43
   43      46      28
   43      47      20
   43      48       6
   43      49      52
   43      50      55
   43      52      50
   43      54      70
   43      55      17
   43      56       8
   43      57       4
   43      58      47
   43      59      12
   43      60      72
   43      61      43
   43      62      63
   43      63      92
   43      64      46
   43      66      42
   43      68      47
   43      69      73
   43      70      65
   43      71      92
   43      72      55
   43      73      27
   43      74      73
   43      75      26
   43      76      37
   43      77      86
   43      78      49
   43      79      87
   43      80      81
   43      81      16
   43      82      39
   43      83       2
   43      84      66
   43      85      51
   43      86      42
   43      87      57
   43      88      49
   43      89      30
   43      90      12
   43      91      54
   43      92       5
   43      93      56
   43      94      44
   43      95      63
   43      96      76
   43      97      62
   43      98      18
   43      99      20
   43     100      67
   44      45      44
   44      46      69
   44      47      22
   44      48      69
   44      49      71
   44      50      65
   44      51      65
   44      52      28
   44      54      17
   44      55      99
   44      57      69
   44      58      42
   44      59      95
   44      60      61
   44      61      22
   44      62      22
   44      63      44
   44      64      88
   44      65      46
   44      66      61
   44      67      60
   44      68       7
   44      69      75
   44      70      15
   44      71      85
   44      72      48
   44      73      40
   44      74      70
   44      75      92
   44      76      54
   44      77      64
   44      78      44
   44      79      18
   44      80      39
   44      81      72
   44      82       1
   44      83      80
   44      84      38
   44      85      81
   44      86      96
   44      87      83
   44      88      36
   44      89      62
   44      90      16
   44      91      19
   44      92      29
   44      93      74
   44      94      43
   44      95      58
   44      96      25
   44      97      56
   44      98      29
   44      99      91
   45      46      40
   45      47      39
   45      48      84
   45      49      75
   45      50      67
   45      51      26
   45      52      27
   45      53      90
   45      54      69
   45      55      27
   45      56      60
   45      58      97
   45      59      19
   45      60      88
   45      61      87
   45      62       2
   45      63       8
   45      64      69
   45      65      44
   45      66      25
   45      67      15
   45      68      73
   45      69      41
   45      70       4
   45      71      17
   45      72      64
   45      73      70
   45      75      10
   45      76      37
   45      77      79
   45      79       9
   45      80      60
   45      81      32
   45      82      39
   45      83      85
   45      84      34
   45      85      75
   45      86      97
   45      87      19
   45      88      93
   45      89      70
   45      90      89
   45      91      26
   45      92      63
   45      93      43
   45      94      66
   45      95      97
   45      96      35
   45      97      62
   45      98      10
   45      99      34
   45     100      19
   46      47      93
   46      48      74
   46      49      15
   46      50      72
   46      51      88
   46      52      36
   46      54      89
   46      55      50
   46      56      48
   46      57      40
   46      58      97
   46      59      71
   46      60      86
   46      61      87
   46      63       7
   46      64      36
   46      65      30
   46      68      19
   46      69      44
   46      70      35
   46      71       5
   46      72      12
   46      74      77
   46      75       8
   46      76       5
   46      77     100
   46      78      26
   46      79      71
   46      80      82
   46      81      41
   46      83      91
   46      84      11
   46      85      60
   46      86      57
   46      87      75
   46      88      59
   46      89      90
   46      90      21
   46      91      68
   46      93      75
   46      94      92
   46      95      89
   46      96      43
   46      97      10
   46      98      62
   46      99      20
   46     100      86
   47      49       8
   47      50      47
   47      51       8
   47      53       8
   47      54      40
   47      55      15
   47      56      59
   47      57      99
   47      58      21
   47      60      28
   47      61      70
   47      62      80
   47      65      10
   47      66      83
   47      67      76
   47      68      28
   47      69      21
   47      70      47
   47      71       3
   47      72      48
   47      73      67
   47      74       1
   47      75      72
   47      76      91
   47      77      57
   47      78      14
   47      79      53
   47      80      86
   47      81      97
   47      82      14
   47      83      99
   47      85       5
   47      86      68
   47      87      51
   47      88      37
   47      89      89
   47      90      43
   47      91      11
   47      92      74
   47      93      99
   47      95      18
   47      96      80
   47      97      23
   47      98      21
   47      99      15
   47     100      89
   48      49      87
   48      50      40
   48      52       5
   48      53      27
   48      54      77
   48      55      71
   48      56      88
   48      57      77
   48      58       1
   48      60      87
   48      61      36
   48      62      21
   48      63      54
   48      64      17
   48      65      30
   48      66      52
   48      67      30
   48      68       3
   48      69      58
   48      70      28
   48      71      12
   48      72      21
   48      73      11
   48      76      33
   48      77      19
   48      78       1
   48      79      49
   48      80      61
   48      81      76
   48      82      81
   48      84      48
   48      85      14
   48      86      26
   48      87      31
   48      88      27
   48      89      86
   48      90      34
   48      91      97
   48      92      97
   48      93      34
   48      94      71
   48      95      12
   48      96      69
   48      97      47
   48      98       1
   48      99      45
   48     100      70
   49      50       5
   49      51       1
   49      52      81
   49      53      97
   49      54      65
   49      55      24
   49      56      75
   49      57      62
   49      58      63
   49      59      95
   49      60      54
   49      61      49
   49      62      88
   49      64      26
   49      65      40
   49      66      38
   49      67      51
   49      68      80
   49      69      98
   49      70      27
   49      71      15
   49      72      36
   49      73      66
   49      74      77
   49      75      41
   49      76      93
   49      77      74
   49      78      28
   49      79      72
   49      80      95
   49      81       9
   49      82      65
   49      83      76
   49      84      65
   49      85      39
   49      86      62
   49      87      46
   49      88      12
   49      89      27
   49      90       7
   49      91      23
   49      92      15
   49      93      11
   49      94      55
   49      95      19
   49      96      31
   49      97      99
   49      98       9
   49      99      32
   49     100      79
   50      51      44
   50      52      74
   50      53       7
   50      54      93
   50      55      95
   50      56      65
   50      57      86
   50      58      31
   50      59      53
   50      60      42
   50      62      60
   50      63      76
   50      64      75
   50      65      85
   50      66      70
   50      67      85
   50      68      58
   50      69      78
   50      70      77
   50      71      29
   50      72      63
   50      73      44
   50      74      79
   50      75      94
   50      76       5
   50      77      61
   50      78      21
   50      79      34
   50      80      39
   50      81      37
   50      82      98
   50      83      74
   50      84      75
   50      85      60
   50      86      56
   50      87      18
   50      88      90
   50      90      16
   50      92      69
   50      93      11
   50      94      42
   50      95      40
   50      96      89
   50      97      74
   50      98      65
   50      99      28
   50     100      94
   51      52      37
   51      53      55
   51      54      70
   51      55      99
   51      56      64
   51      57      10
   51      58      72
   51      59      65
   51      60      26
   51      61      22
   51      62      71
   51      65      52
   51      66       3
   51      67      73
   51      68      30
   51      69      72
   51      70      43
   51      71      76
   51      72      86
   51      73      62
   51      74      41
   51      75      14
   51      77      66
   51      78      10
   51      79      96
   51      80      60
   51      81      52
   51      82      21
   51      83       7
   51      84      57
   51      85      99
   51      87      28
   51      88      67
   51      89      33
   51      90      46
   51      91       8
   51      92      32
   51      93      66
   51      95      90
   51      96      31
   51      97      66
   51      98      68
   51      99      48
   51     100      97
   52      54      30
   52      55      11
   52      58      28
   52      59      55
   52      60      27
   52      61      50
   52      62      45
   52      63       9
   52      64      10
   52      65      38
   52      66      54
   52      67      90
   52      68      90
   52      69      29
   52      70      65
   52      71       9
   52      72      40
   52      73      35
   52      74       3
   52      75      76
   52      76      38
   52      77      51
   52      78      93
   52      79      60
   52      80      48
   52      81      85
   52      82       1
   52      83      69
   52      84      84
   52      85      74
   52      86      15
   52      87      48
   52      89      47
   52      90      71
   52      91      84
   52      92       6
   52      93      32
   52      94      56
   52      95       7
   52      96      71
   52      97      64
   52      98      89
   52      99      46
   52     100       8
   53      54      16
   53      55      24
   53      56      33
   53      57      16
   53      58      76
   53      59      39
   53      60      60
   53      61       4
   53      62      42
   53      63      97
   53      64      88
   53      65      62
   53      66      50
   53      67      77
   53      68      52
   53      69      67
   53      70      60
   53      71      17
   53      72      47
   53      73      73
   53      74      63
   53      75      81
   53      76      75
   53      77      20
   53      78      56
   53      79      91
   53      81      34
   53      83      61
   53      84      25
   53      85      41
   53      86      11
   53      87      23
   53      88      35
   53      89      57
   53      90      27
   53      91      75
   53      92      73
   53      93      37
   53      94      84
   53      95       8
   53      96      70
   53      97      14
   53      98      45
   53      99      36
   53     100      92
   54      55       4
   54      56      43
   54      58      72
   54      59      40
   54      60      77
   54      62      70
   54      63      84
   54      65      54
   54      66      53
   54      67      51
   54      68      24
   54      69      97
   54      70      33
   54      71      43
   54      72      32
   54      73      84
   54      75       5
   54      76      61
   54      77      71
   54      78       2
   54      79      74
   54      80      27
   54      81      52
   54      82      66
   54      83      22
   54      84      44
   54      85      95
   54      86      51
   54      87      41
   54      89      35
   54      92      39
   54      93      79
   54      94      51
   54      95      18
   54      96      71
   54      98       7
   54      99       5
   54     100      63
   55      56      58
   55      57      62
   55      58      60
   55      60       2
   55      61       4
   55      62      91
   55      63      13
   55      64      90
   55      65      55
   55      66      37
   55      67      40
   55      68      33
   55      69      80
   55      70      47
   55      71      29
   55      72      86
   55      74      80
   55      75      70
   55      76      69
   55      77      57
   55      78      78
   55      79       9
   55      81      26
   55      84      94
   55      85      71
   55      86      18
   55      87      56
   55      88      16
   55      89      59
   55      90      89
   55      91      78
   55      92      83
   55      93      99
   55      94      82
   55      95      24
   55      97      60
   55      98      70
   56      57      94
   56      58      69
   56      59      41
   56      60      27
   56      62       8
   56      63      38
   56      64       4
   56      65      47
   56      66      80
   56      67      76
   56      68      23
   56      69      36
   56      70      55
   56      71      58
   56      74      92
   56      75      75
   56      76      35
   56      77      71
   56      78      78
   56      79       9
   56      80      23
   56      81      61
   56      82      69
   56      83      60
   56      84      56
   56      85      94
   56      86      57
   56      87      50
   56      88      51
   56      90       5
   56      91      90
   56      92      69
   56      93      45
   56      95      13
   56      96      53
   56      97      38
   56      98      59
   56      99      60
   56     100      27
   57      58      38
   57      60      16
   57      61      35
   57      62      89
   57      63      49
   57      64      96
   57      65      81
   57      66      42
   57      67      16
   57      68      32
   57      69      48
   57      70      91
   57      71      76
   57      72      18
   57      73      52
   57      74      19
   57      75      78
   57      76      23
   57      77      84
   57      78      16
   57      79      72
   57      80      79
   57      81      28
   57      82      86
   57      83      39
   57      85      42
   57      86      22
   57      87      80
   57      88      34
   57      89      70
   57      90      53
   57      91      48
   57      92       8
   57      93      58
   57      94      37
   57      95      45
   57      96      73
   57      97       9
   57      98      17
   57      99      12
   57     100      70
   58      59      66
   58      61      43
   58      62      70
   58      63       6
   58      64      22
   58      65      73
   58      66      50
   58      67      98
   58      68      97
   58      69      53
   58      70      50
   58      72      73
   58      73     100
   58      74      26
   58      75       5
   58      76      31
   58      77      17
   58      78      60
   58      79      99
   58      83      56
   58      84       3
   58      85     100
   58      86       9
   58      87      38
   58      88      43
   58      89      17
   58      90       5
   58      91     100
   58      92      85
   58      93      68
   58      94      11
   58      95      88
   58      96      25
   58      97      62
   58      98      18
   58     100      16
   59      60      40
   59      61      51
   59      62      52
   59      63      25
   59      64      20
   59      65      54
   59      66      96
   59      67      65
   59      68       8
   59      69      82
   59      70      67
   59      71      84
   59      72      23
   59      73      46
   59      74      58
   59      75      43
   59      76      80
   59      77      84
   59      78      84
   59      79      31
   59      80      58
   59      82      17
   59      83     100
   59      84      67
   59      85      29
   59      86      25
   59      87      95
   59      89      51
   59      91      70
   59      92      89
   59      93      75
   59      94      27
   59      95      50
   59      96      52
   59      97      76
   59      98       4
   59      99      28
   59     100      51
   60      61      80
   60      63      10
   60      64      57
   60      65      48
   60      66      88
   60      67      41
   60      68      75
   60      69      33
   60      70      70
   60      71      77
   60      72       2
   60      73      37
   60      74      97
   60      75      40
   60      76      79
   60      77      96
   60      78      10
   60      79      85
   60      81      34
   60      82      64
   60      83      53
   60      84      34
   60      85      63
   60      87      96
   60      88      62
   60      89      44
   60      90     100
   60      91      10
   60      92      82
   60      93      42
   60      94       7
   60      95      64
   60      97      73
   60      98      21
   60      99      51
   60     100      64
   61      62      56
   61      63      69
   61      64      88
   61      65      86
   61      66      57
   61      67       6
   61      68      36
   61      69      21
   61      70      93
   61      71      20
   61      72      11
   61      73      98
   61      74      90
   61      75      19
   61      76      28
   61      78       9
   61      79      91
   61      80      98
   61      81      85
   61      82      41
   61      83      21
   61      86      25
   61      87      49
   61      88      93
   61      89      88
   61      91      96
   61      92      63
   61      94      15
   61      95      38
   61      96      63
   61      97      29
   61      99      30
   61     100      15
   62      63       3
   62      64      23
   62      65      35
   62      66      22
   62      68      73
   62      69      59
   62      70      32
   62      72      49
   62      73      81
   62      74      41
   62      75      33
   62      76      46
   62      77      97
   62      78       9
   62      79       8
   62      80      88
   62      81      88
   62      82      28
   62      83       3
   62      84      36
   62      85      12
   62      86      74
   62      88      38
   62      89       6
   62      90      30
   62      91      11
   62      92      43
   62      93      31
   62      94      95
   62      95      96
   62      96      66
   62      97      59
   62      98      55
   62      99      85
   62     100      44
   63      64      24
   63      65       2
   63      66      65
   63      67      24
   63      68      38
   63      70      41
   63      71      96
   63      72      83
   63      73      26
   63      74      69
   63      75      94
   63      76      95
   63      77      15
   63      78      20
   63      80      67
   63      81      52
   63      82      97
   63      83      67
   63      84      70
   63      85      42
   63      86      87
   63      87      85
   63      88      36
   63      89      24
   63      90       8
   63      91       3
   63      92      28
   63      93      98
   63      94       9
   63      95      76
   63      96      20
   63      97      52
   63      98      92
   63      99      58
   64      65      14
   64      67       7
   64      68       1
   64      69      12
   64      71      99
   64      72      13
   64      73      36
   64      74      11
   64      75      38
   64      76      70
   64      77      19
   64      78      17
   64      79       6
   64      80      26
   64      81      52
   64      82      60
   64      83      91
   64      84      58
   64      86      16
   64      87       8
   64      88      24
   64      89       2
   64      90      30
   64      91      89
   64      92      44
   64      93      17
   64      95      76
   64      97      67
   64      98      39
   64      99      14
   64     100      26
   65      66      85
   65      67      51
   65      68      59
   65      69      21
   65      70      76
   65      71      18
   65      73      13
   65      74      84
   65      75      13
   65      76       4
   65      77       3
   65      78      29
   65      79      64
   65      81      70
   65      82      10
   65      83      27
   65      84      43
   65      85      35
   65      86      95
   65      87      79
   65      88      18
   65      89      59
   65      90      90
   65      91      85
   65      92      91
   65      93      62
   65      94      45
   65      95       2
   65      96      86
   65      98      26
   65      99      19
   65     100      57
   66      67      98
   66      68       9
   66      69      29
   66      70      40
   66      72      43
   66      74      25
   66      75      43
   66      77      21
   66      78      93
   66      79      73
   66      80      24
   66      81      45
   66      82      83
   66      83      63
   66      84      13
   66      85      51
   66      86      17
   66      87      33
   66      88       3
   66      89       9
   66      90      13
   66      91      27
   66      92      45
   66      93      78
   66      94      97
   66      95       7
   66      96       1
   66      97       1
   66      98      69
   66      99      93
   66     100      48
   67      68      64
   67      69      75
   67      70       4
   67      71       3
   67      72      42
   67      73      20
   67      74      25
   67      75      51
   67      76      59
   67      77      34
   67      78      15
   67      79      69
   67      80      41
   67      81      88
   67      82      70
   67      83      97
   67      84      33
   67      85      70
   67      86      49
   67      87      21
   67      88      89
   67      89      12
   67      90      79
   67      91      42
   67      92      76
   67      93      96
   67      94      54
   67      95      34
   67      96      31
   67      97      46
   67      98      79
   67      99      62
   67     100      86
   68      69      50
   68      70      78
   68      71      21
   68      72      50
   68      73      24
   68      74      16
   68      75      42
   68      76      38
   68      77      45
   68      78      22
   68      79      38
   68      80       6
   68      81      54
   68      82      21
   68      83      52
   68      84      95
   68      85      92
   68      86      98
   68      87       6
   68      88      86
   68      89       7
   68      90      71
   68      91      43
   68      92      26
   68      93      61
   68      94      64
   68      95      27
   68      97      16
   68      98       5
   68      99      43
   68     100      68
   69      70      25
   69      71      16
   69      72       6
   69      73      20
   69      74       9
   69      75      71
   69      76      14
   69      77      87
   69      78      50
   69      79       1
   69      80      70
   69      81      21
   69      82      67
   69      83      33
   69      84      19
   69      85      84
   69      86      24
   69      87      36
   69      88      27
   69      89      32
   69      90      60
   69      91      76
   69      92      95
   69      94       8
   69      95      55
   69      96      70
   69      97      46
   69      98      77
   69      99      42
   69     100      98
   70      72      75
   70      73     100
   70      74      97
   70      75      50
   70      76      57
   70      77      53
   70      79      57
   70      80      52
   70      82      44
   70      83      71
   70      85      10
   70      86      12
   70      88      90
   70      89       2
   70      90      54
   70      91      59
   70      92      47
   70      93      85
   70      94      72
   70      95       9
   70      96      56
   70      97      38
   70      98       7
   70      99      24
   70     100      98
   71      72      88
   71      73      89
   71      74      45
   71      75      17
   71      76      51
   71      77      26
   71      78      91
   71      79      64
   71      80      58
   71      81       4
   71      82      91
   71      83      60
   71      84      24
   71      85      50
   71      87      67
   71      89      52
   71      90      39
   71      91      30
   71      93      76
   71      94      84
   71      95      47
   71      96      35
   71      97      44
   71      98      52
   71      99      46
   71     100      39
   72      73      28
   72      74      42
   72      75      53
   72      76      62
   72      77      38
   72      78      28
   72      79      50
   72      80      45
   72      81      73
   72      82      40
   72      83      79
   72      84      84
   72      85      42
   72      87      81
   72      88      64
   72      89      44
   72      90      70
   72      91      29
   72      92      73
   72      93      88
   72      94      99
   72      96      49
   72      97      64
   72      98      51
   72      99      89
   72     100      89
   73      74      81
   73      75      44
   73      77      76
   73      78      28
   73      79      49
   73      80       4
   73      81      49
   73      82      37
   73      83       2
   73      84      22
   73      85      21
   73      86       1
   73      87      98
   73      88      36
   73      89      12
   73      91      63
   73      92      79
   73      93      97
   73      94      88
   73      95       9
   73      96      23
   73      97      67
   73      98      24
   74      75      30
   74      76      36
   74      77      99
   74      78      38
   74      79      36
   74      80      92
   74      81      88
   74      82      95
   74      83      36
   74      84      48
   74      85      74
   74      86      39
   74      87      72
   74      88      26
   74      89      24
   74      90      26
   74      91      93
   74      92      46
   74      93      43
   74      94      35
   74      95      85
   74      96      85
   74      97      52
   74      98      56
   74      99      63
   75      76      34
   75      77      56
   75      78      60
   75      79      50
   75      80      98
   75      81      35
   75      82      72
   75      83      44
   75      85      44
   75      86      33
   75      87      40
   75      88      49
   75      89      82
   75      90      62
   75      91      84
   75      92      46
   75      93      48
   75      94      75
   75      95       3
   75      96      77
   75      97      11
   75      98      83
   75      99      10
   75     100       9
   76      77      97
   76      78      38
   76      79      62
   76      80      69
   76      81      20
   76      82      34
   76      83      91
   76      84      19
   76      85      48
   76      86      37
   76      87     100
   76      88      22
   76      89      41
   76      91      37
   76      92       1
   76      93      67
   76      94      58
   76      95      78
   76      96      81
   76      97       3
   76      98       4
   76      99       3
   76     100      82
   77      78      90
   77      79      52
   77      80      34
   77      81      74
   77      82      87
   77      83      35
   77      84      21
   77      85      87
   77      86      74
   77      87      79
   77      88      66
   77      89      29
   77      90      27
   77      91      25
   77      92      89
   77      93      40
   77      95      43
   77      96      61
   77      97      89
   77      98      83
   77      99      61
   77     100       1
   78      79      94
   78      81      70
   78      82      95
   78      83      23
   78      84      26
   78      85      90
   78      87      27
   78      88      80
   78      89      28
   78      91      68
   78      92       2
   78      93      16
   78      95      81
   78      96      44
   78      97      63
   78      98      52
   78      99      33
   78     100      27
   79      80      13
   79      81      80
   79      82      64
   79      83      77
   79      85      44
   79      86      89
   79      87      71
   79      88      24
   79      90      60
   79      91      49
   79      92      95
   79      93      68
   79      94      83
   79      95      76
   79      96      47
   79      97      53
   79      98       4
   79      99       3
   79     100      79
   80      81      53
   80      82      21
   80      83      17
   80      85      43
   80      86      38
   80      88      38
   80      89      29
   80      90      60
   80      91      58
   80      92      11
   80      93      74
   80      94      24
   80      95      16
   80      97      88
   80      98      94
   80      99      77
   80     100      36
   81      82      98
   81      83      52
   81      85      44
   81      86      65
   81      87      78
   81      89       3
   81      90       5
   81      91      76
   81      94      78
   81      95       1
   81      96      37
   81      99       3
   81     100       1
   82      83      41
   82      84      56
   82      85      40
   82      86      50
   82      87      61
   82      88      11
   82      89      62
   82      90      25
   82      91      44
   82      92      76
   82      93       9
   82      94      34
   82      95      36
   82      96      20
   82      98      78
   82      99      42
   82     100      20
   83      84      43
   83      85      74
   83      86      77
   83      87      41
   83      88      30
   83      89      11
   83      90      30
   83      91      99
   83      92       8
   83      93      68
   83      95      91
   83      96      42
   83      97      12
   83      98      54
   83      99      51
   83     100      47
   84      85      38
   84      86      64
   84      87      18
   84      89      32
   84      90      36
   84      91      12
   84      92      61
   84      93      57
   84      94       5
   84      95      43
   84      96      43
   84      97      28
   84      98      76
   84      99      91
   84     100      18
   85      86      12
   85      87      75
   85      88      18
   85      89      84
   85      90      38
   85      91      98
   85      92      59
   85      93      59
   85      94      36
   85      95      24
   85      96      17
   85      98      95
   85      99      27
   85     100      21
   86      88      96
   86      89      49
   86      90      82
   86      91      26
   86      92      37
   86      93      68
   86      94      15
   86      95      49
   86      96      67
   86      97      88
   86      98      70
   86      99      33
   86     100      26
   87      89      60
   87      91      33
   87      92      24
   87      93      33
   87      95      81
   87      96      57
   87      97      91
   87      99      92
   87     100      43
   88      89       9
   88      90      96
   88      91      12
   88      92      36
   88      93      36
   88      94      69
   88      96      63
   88      97      81
   88      98      64
   88      99      67
   88     100      65
   89      90      80
   89      91      61
   89      92      85
   89      93      64
   89      94      27
   89      96      82
   89      97      77
   89      98      46
   89      99      19
   89     100      51
   90      91      60
   90      92      47
   90      93      12
   90      94      41
   90      95       2
   90      96      92
   90      97     100
   90      98      68
   90      99       7
   90     100      79
   91      92       1
   91      94      71
   91      95      94
   91      96      13
   91      97      30
   91      98      73
   91      99      74
   91     100      31
   92      93      27
   92      94      60
   92      95      47
   92      97      10
   92      98      27
   92      99      80
   92     100      72
   93      95      38
   93      96      74
   93      97      62
   93      98      32
   93      99      12
   93     100      88
   94      95      41
   94      96      78
   94      97       8
   94      98      51
   94      99      64
   94     100      76
   95      96      54
   95      97       8
   95      98      20
   95      99      24
   95     100      26
   96      97      48
   96      98       9
   96      99      37
   96     100      55
   97      98      10
   97      99      57
   97     100      12
   98      99       6
   98     100      56
   99     100      71
