   48     640
    1       2      81
    1       3      14
    1       4      87
    1       5      74
    1       6      26
    1      10      70
    1      11      36
    1      14      75
    1      15      48
    1      17       8
    1      19      74
    1      21      83
    1      23      93
    1      25      35
    1      30      19
    1      31      83
    1      36      66
    1      38      81
    1      39      11
    1      41       6
    1      44      92
    1      45      84
    1      46      63
    1      47       5
    2       4      39
    2       5      51
    2       7      23
    2      11      99
    2      15      39
    2      17      14
    2      19      27
    2      20      32
    2      21      88
    2      22      46
    2      24      36
    2      25      13
    2      28      54
    2      30      45
    2      32      51
    2      33      72
    2      35      66
    2      37      45
    2      38      56
    2      41      31
    2      42      48
    2      43      22
    2      46      26
    2      48      66
    3       4      58
    3      12       2
    3      13      65
    3      14      19
    3      15      37
    3      16      70
    3      17      55
    3      22      77
    3      23      52
    3      27      14
    3      32      10
    3      33      75
    3      34      61
    3      35      23
    3      36      11
    3      40      68
    3      41      51
    3      42      31
    3      43      71
    3      45      71
    3      46      72
    3      48      76
    4       5      96
    4       6      26
    4       9      26
    4      10      56
    4      11      24
    4      12      42
    4      14      98
    4      15      56
    4      16     100
    4      17      11
    4      21      20
    4      22      37
    4      23      62
    4      24      45
    4      26      47
    4      27      82
    4      28      80
    4      30      70
    4      34      23
    4      36      10
    4      37      13
    4      39      29
    4      40      82
    4      41      84
    4      42      93
    4      43      52
    4      47      90
    5       7      75
    5       8      61
    5      10       8
    5      12      49
    5      13      42
    5      14      45
    5      16       6
    5      17      24
    5      18      67
    5      20      71
    5      21      99
    5      23      60
    5      27      91
    5      30      90
    5      31      39
    5      33      49
    5      34      55
    5      36      53
    5      37      43
    5      38      50
    5      40      79
    5      42       8
    5      45      30
    5      46      98
    5      47      33
    5      48      37
    6       7      62
    6      11      91
    6      12      54
    6      13      49
    6      14      75
    6      15      65
    6      18      94
    6      20      99
    6      21       5
    6      22      41
    6      23      22
    6      24      96
    6      25      60
    6      31      94
    6      33      56
    6      34      80
    6      36      62
    6      37       8
    6      38      77
    6      41      40
    6      43      91
    6      44      93
    6      45      76
    6      47      62
    7       8       4
    7       9      23
    7      12      40
    7      14      52
    7      16      62
    7      18       3
    7      19      80
    7      21      19
    7      23      64
    7      26      27
    7      27      58
    7      28      60
    7      30      92
    7      31      13
    7      32      17
    7      33      83
    7      34      99
    7      35      99
    7      37      15
    7      39      85
    7      41     100
    7      42      98
    7      44      90
    7      46      95
    7      47      12
    7      48      42
    8       9     100
    8      10      38
    8      12      71
    8      13      65
    8      14      93
    8      16      68
    8      17      79
    8      18      41
    8      20       1
    8      22      45
    8      24       8
    8      25      18
    8      26      98
    8      28      37
    8      33      35
    8      35      22
    8      36      41
    8      40      99
    8      41      16
    8      42      38
    8      43      56
    8      44       1
    8      45       3
    8      46      17
    8      47      14
    9      10      14
    9      12      47
    9      15      77
    9      20      58
    9      21      49
    9      22      95
    9      25      40
    9      26       9
    9      29      27
    9      30      65
    9      33      10
    9      35      48
    9      36      32
    9      37      53
    9      38      33
    9      42      91
    9      44      84
    9      45      58
    9      46      54
    9      47      22
   10      11      22
   10      12      44
   10      13      45
   10      14      55
   10      15      93
   10      17      69
   10      21      29
   10      24      18
   10      25      43
   10      27      48
   10      29      62
   10      30      27
   10      32      48
   10      33      74
   10      34      13
   10      36      60
   10      40      16
   10      41      29
   10      42      97
   10      45      91
   10      46      24
   10      47      44
   10      48      35
   11      13      35
   11      15      13
   11      16       4
   11      18      66
   11      20      22
   11      21      41
   11      22      20
   11      26      82
   11      27       3
   11      29      49
   11      31      99
   11      32      81
   11      33      25
   11      35      17
   11      36      47
   11      37      87
   11      38       2
   11      39      56
   11      41      68
   11      43      63
   12      13      39
   12      18      27
   12      19      73
   12      20      73
   12      21      33
   12      22      69
   12      25      55
   12      28      99
   12      29      44
   12      31      13
   12      33      43
   12      37      31
   12      39      24
   12      41      98
   12      42      11
   12      43      83
   12      44      51
   12      45       3
   12      46      51
   12      47      97
   12      48      45
   13      14      65
   13      16      16
   13      17      91
   13      18      22
   13      24      43
   13      25      98
   13      28      70
   13      29      77
   13      30      29
   13      33       1
   13      34      19
   13      37      46
   13      38      82
   13      44      37
   13      46      65
   13      48      90
   14      16      13
   14      17      52
   14      18      85
   14      21      39
   14      23      19
   14      24      69
   14      25      79
   14      26      97
   14      27      88
   14      28      99
   14      31      74
   14      35       4
   14      36      15
   14      38      29
   14      39      84
   14      40      58
   14      42      24
   14      43      16
   14      45      80
   14      47      55
   15      17      15
   15      20      43
   15      24      26
   15      25      66
   15      27       5
   15      28     100
   15      29      55
   15      31      22
   15      32      65
   15      34      97
   15      35      98
   15      36      76
   15      39      84
   15      40      43
   15      44      34
   15      46      88
   16      17      80
   16      18      53
   16      19      83
   16      21      82
   16      22      57
   16      23      61
   16      24      39
   16      25      45
   16      27      89
   16      30      12
   16      31      98
   16      32      46
   16      33      94
   16      34      87
   16      36      77
   16      38      35
   16      41      89
   16      43      66
   16      45      45
   17      18      73
   17      19       6
   17      21      80
   17      22      94
   17      25      51
   17      26       8
   17      29      43
   17      30      56
   17      31       9
   17      32      71
   17      33      18
   17      34      19
   17      36      29
   17      37      98
   17      38      48
   17      42      57
   17      43      66
   17      45      78
   17      47      50
   18      20      21
   18      21      87
   18      23       3
   18      24      49
   18      25      25
   18      28      94
   18      32       8
   18      33      22
   18      34       1
   18      35      56
   18      38      22
   18      39      83
   18      43       4
   18      44       9
   18      45      43
   19      20      63
   19      21      84
   19      24      30
   19      25      10
   19      28      10
   19      29      33
   19      32      48
   19      34      30
   19      36      81
   19      39      87
   19      40      88
   19      41      17
   19      43      70
   19      44      55
   19      45      62
   19      46       6
   19      48      43
   20      22      76
   20      23      60
   20      24      72
   20      26      78
   20      30      65
   20      34      17
   20      35      22
   20      36       2
   20      38      70
   20      41      64
   20      43      27
   20      44      39
   20      47      73
   20      48      55
   21      23      43
   21      24       9
   21      28      91
   21      29      16
   21      30      49
   21      31      13
   21      33      43
   21      34      39
   21      35      59
   21      40      25
   21      42     100
   21      43      71
   21      44      15
   21      48      27
   22      23      55
   22      24      84
   22      26      54
   22      29       5
   22      30      16
   22      34      74
   22      36      31
   22      37      21
   22      38      23
   22      39      23
   22      40      41
   22      41      22
   22      47      95
   23      25      98
   23      26      50
   23      28      73
   23      29      56
   23      30      25
   23      32       5
   23      33       2
   23      34      31
   23      38      22
   23      40      88
   23      41      40
   23      42      28
   23      43       8
   23      44      29
   23      46      26
   23      47      17
   23      48      89
   24      28      98
   24      29      76
   24      31      98
   24      32      13
   24      35      76
   24      36      33
   24      38      18
   24      39      14
   24      40      12
   24      44      49
   24      45      67
   24      46      61
   24      47      47
   25      29      16
   25      30      30
   25      31      92
   25      34      50
   25      35      79
   25      36      62
   25      37      12
   25      42      37
   25      43       7
   25      45       9
   25      46       9
   26      27      13
   26      28      25
   26      29      18
   26      31      24
   26      32      17
   26      33      26
   26      36      93
   26      37      42
   26      38      10
   26      39      64
   26      44      28
   26      45      21
   26      46      73
   26      47       5
   26      48      92
   27      29      96
   27      32      74
   27      33      67
   27      36      84
   27      37      80
   27      38      87
   27      39      60
   27      40      91
   27      41      42
   27      42       6
   27      43      60
   27      45      80
   27      46      37
   27      47      49
   28      30      37
   28      31      69
   28      33      93
   28      34      42
   28      36      19
   28      37      70
   28      38      96
   28      39      64
   28      47      18
   28      48      96
   29      32      65
   29      33      30
   29      34      72
   29      35       1
   29      36      82
   29      37      77
   29      38      90
   29      40       8
   29      41      78
   29      42      36
   29      43     100
   29      46      86
   29      47      81
   29      48      62
   30      31      55
   30      32      67
   30      33      63
   30      35      79
   30      36      67
   30      39      17
   30      40      27
   30      41     100
   30      42      29
   30      43      55
   30      47      91
   30      48      29
   31      33      11
   31      34      92
   31      36      29
   31      39      41
   31      40      89
   31      41      80
   31      42      83
   31      43      59
   31      44      43
   31      46       1
   31      47      23
   32      34       5
   32      35      76
   32      37      57
   32      39      40
   32      42      49
   32      43      51
   32      44      31
   32      45      45
   32      47       9
   32      48      32
   33      34      34
   33      35      55
   33      37      87
   33      38      13
   33      39      86
   33      40      28
   33      42      56
   33      43       4
   33      46      35
   33      47      56
   33      48      79
   34      36      47
   34      37      80
   34      38      62
   34      41       8
   34      44      64
   34      46      64
   34      47       1
   34      48      26
   35      36      20
   35      37      35
   35      39      11
   35      40      77
   35      42       8
   35      43      71
   35      46      52
   35      47      74
   35      48      90
   36      37      94
   36      40      25
   36      41      93
   36      42      69
   36      45      29
   36      46      55
   36      48      87
   37      38      33
   37      42      79
   37      43      12
   37      44       8
   38      39      89
   38      40      33
   38      41      70
   38      45      36
   38      46      22
   38      47      34
   38      48      74
   39      42      47
   39      43      65
   39      44      59
   39      48      94
   40      41      66
   40      45      37
   40      47      38
   41      46      45
   41      47      92
   41      48      36
   42      43      26
   42      45      52
   42      47      29
   43      48      28
   44      45      94
   44      47      99
   45      46      24
   45      47       5
   45      48      20
   46      47      66
   46      48      30
   47      48       3
